[[1.0, 0.6939389705657959, 0.7388907670974731, 0.6043533086776733, 0.6157857775688171, 0.7562656402587891, 0.5548257827758789, 0.5110200643539429, 0.4538787007331848, 0.499250203371048, 0.624539852142334, 0.5439859628677368, 0.6171841621398926, 0.53182452917099, 0.5422087907791138, 0.6103479266166687, 0.6110796332359314, 0.5710678696632385, 0.5926517248153687, 0.6153552532196045, 0.6082110404968262, 0.6210634112358093, 0.5183658599853516, 0.525965690612793, 0.5409106016159058, 0.5809781551361084, 0.636580228805542, 0.5568305253982544, 0.6071992516517639, 0.6237425804138184, 0.623327374458313, 0.6024521589279175, 0.5668920278549194, 0.5929422378540039, 0.5423105955123901, 0.5385171175003052, 0.581199049949646, 0.6177998185157776, 0.5313311219215393, 0.5821000337600708, 0.6079822778701782, 0.6093122959136963, 0.6459226012229919, 0.5040879249572754, 0.5103944540023804, 0.5807855129241943, 0.49571821093559265, 0.5766854286193848, 0.6161170601844788, 0.5860646963119507, 0.549760103225708, 0.5215901136398315, 0.556670069694519, 0.5156124830245972, 0.5663869976997375, 0.5901879668235779, 0.5651856064796448, 0.5102784037590027, 0.52586430311203, 0.5447726845741272, 0.5994048714637756, 0.506013810634613, 0.5723249912261963, 0.5899678468704224, 0.5906294584274292, 0.5933722257614136, 0.5658529996871948, 0.4994024932384491, 0.5135663747787476, 0.5872230529785156, 0.49561601877212524, 0.5690019130706787, 0.5635286569595337, 0.5124211311340332, 0.5933688879013062, 0.5613373517990112, 0.6034177541732788, 0.5544335842132568, 0.48917463421821594, 0.5066217184066772, 0.588631272315979, 0.5826425552368164, 0.5770901441574097, 0.5587604641914368, 0.5514266490936279, 0.45768478512763977, 0.5278440713882446, 0.5672739744186401, 0.4951658248901367, 0.4950975775718689, 0.5242390632629395, 0.5517655611038208, 0.48496589064598083, 0.5107415914535522, 0.547461748123169, 0.5437984466552734, 0.49791383743286133, 0.5522983074188232, 0.4957503080368042, 0.5191298723220825, 0.5080714225769043, 0.5181965231895447, 0.5439922213554382, 0.5472897291183472, 0.6343883275985718, 0.6012555956840515, 0.6097618341445923, 0.5921823978424072, 0.5661253929138184, 0.5821001529693604], [0.6939389705657959, 0.9999996423721313, 0.6098475456237793, 0.6672265529632568, 0.6269913911819458, 0.6418790817260742, 0.6194298267364502, 0.5286060571670532, 0.5377323627471924, 0.5795819759368896, 0.6480240821838379, 0.6168204545974731, 0.6433974504470825, 0.5703049898147583, 0.5881775617599487, 0.6090900301933289, 0.6104601621627808, 0.6073495149612427, 0.5642551183700562, 0.6026803255081177, 0.5899326205253601, 0.6085412502288818, 0.5087641477584839, 0.5907109975814819, 0.5977424383163452, 0.6141405701637268, 0.6479479074478149, 0.6262654066085815, 0.6086697578430176, 0.6529045104980469, 0.6389622688293457, 0.6171084642410278, 0.6052951216697693, 0.5933961868286133, 0.5796948671340942, 0.5882858037948608, 0.6011009216308594, 0.6231039762496948, 0.5993726253509521, 0.6112632751464844, 0.6123596429824829, 0.6139653921127319, 0.6507831811904907, 0.5609655380249023, 0.5878239870071411, 0.627306342124939, 0.5849815607070923, 0.6217866539955139, 0.6303932666778564, 0.5992707014083862, 0.5426920056343079, 0.5936466455459595, 0.6026564836502075, 0.6020153760910034, 0.6218264102935791, 0.6254292726516724, 0.5717152953147888, 0.5493227243423462, 0.5724048614501953, 0.5736741423606873, 0.598318338394165, 0.5786792635917664, 0.5913035273551941, 0.5900719165802002, 0.6082671284675598, 0.6071462035179138, 0.5944557189941406, 0.5545385479927063, 0.5862780213356018, 0.620959460735321, 0.5862957239151001, 0.6054589748382568, 0.5983615517616272, 0.597380518913269, 0.6392041444778442, 0.59410560131073, 0.6186836957931519, 0.6009269952774048, 0.5654559135437012, 0.6070725917816162, 0.6393918991088867, 0.6422482132911682, 0.6274277567863464, 0.60245281457901, 0.6262288093566895, 0.5666671991348267, 0.6021585464477539, 0.5831464529037476, 0.5459439158439636, 0.5584121942520142, 0.5664682388305664, 0.5657631754875183, 0.46233952045440674, 0.5512830018997192, 0.557289719581604, 0.5487867593765259, 0.5591078996658325, 0.5609613060951233, 0.5157191753387451, 0.520196795463562, 0.5129150748252869, 0.566748857498169, 0.5556987524032593, 0.5358718633651733, 0.6013309955596924, 0.5899848937988281, 0.5917394161224365, 0.6140784025192261, 0.5695301294326782, 0.5356606245040894], [0.7388907670974731, 0.6098475456237793, 1.0000001192092896, 0.5125048160552979, 0.5382314324378967, 0.6433998346328735, 0.4502279460430145, 0.42219090461730957, 0.39570993185043335, 0.4403756856918335, 0.5814406871795654, 0.515720546245575, 0.581284761428833, 0.5132346153259277, 0.5259150266647339, 0.5765129923820496, 0.5752690434455872, 0.5399332046508789, 0.5690302848815918, 0.5757309794425964, 0.5745064616203308, 0.5671452283859253, 0.5201694965362549, 0.4811965823173523, 0.5197033286094666, 0.5483754873275757, 0.5885097980499268, 0.5165501832962036, 0.5751010775566101, 0.5711808204650879, 0.5862637758255005, 0.5538109540939331, 0.5163521766662598, 0.5192513465881348, 0.49309486150741577, 0.503193736076355, 0.5350232720375061, 0.5433752536773682, 0.4819492697715759, 0.5187291502952576, 0.5381965637207031, 0.5385755300521851, 0.5955930948257446, 0.47843116521835327, 0.5003329515457153, 0.5444965362548828, 0.4777604937553406, 0.5413691997528076, 0.5668078064918518, 0.5412440299987793, 0.5282210111618042, 0.494602233171463, 0.5196560621261597, 0.47609347105026245, 0.5156430006027222, 0.5373242497444153, 0.519696831703186, 0.4898318648338318, 0.5155006647109985, 0.5330113172531128, 0.5554040670394897, 0.48235195875167847, 0.5377304553985596, 0.5526043176651001, 0.5825682282447815, 0.5919251441955566, 0.5418939590454102, 0.4932214319705963, 0.5213803052902222, 0.5715228319168091, 0.49233996868133545, 0.5613381266593933, 0.5414597988128662, 0.4891248047351837, 0.5500531196594238, 0.5746651887893677, 0.6725157499313354, 0.5907137989997864, 0.531247615814209, 0.5652113556861877, 0.6508204340934753, 0.6251704692840576, 0.6362109780311584, 0.5944517850875854, 0.5833640098571777, 0.4886353015899658, 0.5686004161834717, 0.6015849113464355, 0.5462572574615479, 0.5609432458877563, 0.5862491130828857, 0.6175225973129272, 0.4625687003135681, 0.4998299479484558, 0.5332416296005249, 0.5230681896209717, 0.4706467390060425, 0.5353467464447021, 0.49149054288864136, 0.5130583643913269, 0.5008496642112732, 0.48260748386383057, 0.5230494737625122, 0.5393022894859314, 0.5813122987747192, 0.5560911893844604, 0.5689083337783813, 0.6206722855567932, 0.6045290231704712, 0.5514697432518005], [0.6043533086776733, 0.6672265529632568, 0.5125048160552979, 0.9999998807907104, 0.8738192319869995, 0.647944450378418, 0.8131996393203735, 0.6850757002830505, 0.6983528137207031, 0.8717187643051147, 0.6264390349388123, 0.8101913928985596, 0.6447533369064331, 0.6132885217666626, 0.6110008358955383, 0.6406258344650269, 0.5314037799835205, 0.7285572290420532, 0.5329005122184753, 0.575407862663269, 0.5581264495849609, 0.650606095790863, 0.4530463218688965, 0.741896390914917, 0.6473499536514282, 0.6634479761123657, 0.5904394388198853, 0.7782710194587708, 0.5581130981445312, 0.663548469543457, 0.5958844423294067, 0.6679226160049438, 0.7027075290679932, 0.6104801297187805, 0.6800860166549683, 0.6707227230072021, 0.6670554876327515, 0.6555829048156738, 0.8006781339645386, 0.692722499370575, 0.6530132293701172, 0.6804975271224976, 0.6136964559555054, 0.6700588464736938, 0.6667252779006958, 0.625197172164917, 0.7866288423538208, 0.6560460329055786, 0.5523031949996948, 0.580000638961792, 0.46455317735671997, 0.6552919149398804, 0.6574780941009521, 0.7891018390655518, 0.6753020286560059, 0.6397134065628052, 0.6014088988304138, 0.6627413034439087, 0.6590048670768738, 0.6535359621047974, 0.627397894859314, 0.787219226360321, 0.6644712686538696, 0.6308408975601196, 0.5970642566680908, 0.6513369679450989, 0.6304078102111816, 0.6758537292480469, 0.6768869161605835, 0.6210050582885742, 0.8061897158622742, 0.6460903882980347, 0.6785897016525269, 0.7823801040649414, 0.6735142469406128, 0.6452453136444092, 0.5637074708938599, 0.6013779640197754, 0.6687918901443481, 0.6565684676170349, 0.5653597116470337, 0.6611254811286926, 0.6147977709770203, 0.651410698890686, 0.6337248086929321, 0.8074941635131836, 0.6642971038818359, 0.5486874580383301, 0.6253180503845215, 0.6013132333755493, 0.6130690574645996, 0.4930226802825928, 0.46579158306121826, 0.6292032599449158, 0.629925012588501, 0.5545246601104736, 0.7622216939926147, 0.5827289819717407, 0.5514602661132812, 0.5444899797439575, 0.5385481119155884, 0.7408764362335205, 0.5847449898719788, 0.5310638546943665, 0.5152780413627625, 0.490675151348114, 0.5075626373291016, 0.5283629894256592, 0.4651167392730713, 0.4735056757926941], [0.6157857775688171, 0.6269913911819458, 0.5382314324378967, 0.8738192319869995, 1.0, 0.6867464780807495, 0.7368724346160889, 0.6725385189056396, 0.6431390047073364, 0.8127937316894531, 0.6126099824905396, 0.759056806564331, 0.6207139492034912, 0.6571031808853149, 0.6674160957336426, 0.6875001192092896, 0.5749492645263672, 0.7443650364875793, 0.590469241142273, 0.6104075908660889, 0.5893992185592651, 0.7031156420707703, 0.47013306617736816, 0.75307297706604, 0.7170599699020386, 0.7225433588027954, 0.6442911028862, 0.8044933080673218, 0.6348056197166443, 0.707211971282959, 0.6361634731292725, 0.7360063791275024, 0.7359412908554077, 0.6500459909439087, 0.7145622968673706, 0.7136257886886597, 0.7108132243156433, 0.6975394487380981, 0.7937211990356445, 0.7151526808738708, 0.6870791912078857, 0.7310118675231934, 0.6045870780944824, 0.6718181371688843, 0.6742172241210938, 0.6243521571159363, 0.7508965730667114, 0.6495341062545776, 0.6075799465179443, 0.6262837648391724, 0.4899667501449585, 0.7203288078308105, 0.7220361232757568, 0.8168700933456421, 0.7269867658615112, 0.6948859691619873, 0.6205213665962219, 0.687706470489502, 0.6891595125198364, 0.6792645454406738, 0.6498852968215942, 0.7668557167053223, 0.6648136377334595, 0.6439082026481628, 0.6199262142181396, 0.6941183805465698, 0.606693685054779, 0.6567134857177734, 0.6619821786880493, 0.5983666181564331, 0.739485502243042, 0.6118571758270264, 0.6816086769104004, 0.7973273992538452, 0.7043332457542419, 0.6391453742980957, 0.5667896270751953, 0.6115579009056091, 0.6883764266967773, 0.6838114261627197, 0.5764791965484619, 0.6479220986366272, 0.6110748052597046, 0.6820670366287231, 0.5885740518569946, 0.7247009873390198, 0.6073830127716064, 0.5635088682174683, 0.6473406553268433, 0.632597804069519, 0.6302085518836975, 0.49921751022338867, 0.49205055832862854, 0.6329925060272217, 0.629478931427002, 0.540597140789032, 0.7159718871116638, 0.5721006393432617, 0.5971285700798035, 0.6029008626937866, 0.5793150663375854, 0.7704607248306274, 0.6391271948814392, 0.5847956538200378, 0.5610598921775818, 0.5288941860198975, 0.5471471548080444, 0.5459505319595337, 0.4892192482948303, 0.5291913151741028], [0.7562656402587891, 0.6418790817260742, 0.6433998346328735, 0.647944450378418, 0.6867464780807495, 0.9999996423721313, 0.5512317419052124, 0.5993196964263916, 0.4928358793258667, 0.5559569001197815, 0.6085399389266968, 0.5801283717155457, 0.6204642057418823, 0.6435043811798096, 0.6013004779815674, 0.6391404867172241, 0.5879675149917603, 0.6022693514823914, 0.569162130355835, 0.6042879819869995, 0.6126220226287842, 0.6632864475250244, 0.49967801570892334, 0.5499407052993774, 0.6194889545440674, 0.6342219114303589, 0.6406508684158325, 0.6109333634376526, 0.5878231525421143, 0.6616584062576294, 0.6400272846221924, 0.6536200046539307, 0.6449441909790039, 0.6964797973632812, 0.6718999147415161, 0.6401698589324951, 0.6642807126045227, 0.6963448524475098, 0.609005331993103, 0.6732624769210815, 0.684794008731842, 0.6923927068710327, 0.6553551554679871, 0.6093010902404785, 0.560392439365387, 0.5672594308853149, 0.5321953296661377, 0.595762312412262, 0.5790008902549744, 0.5806883573532104, 0.5090894103050232, 0.5825112462043762, 0.5969057083129883, 0.5655941963195801, 0.6081739664077759, 0.6121756434440613, 0.688822865486145, 0.666778564453125, 0.6556207537651062, 0.6594748497009277, 0.6955515146255493, 0.6070968508720398, 0.673693060874939, 0.6813799142837524, 0.6778799295425415, 0.6431636214256287, 0.6478002071380615, 0.6229363083839417, 0.586845874786377, 0.593285083770752, 0.5474109053611755, 0.6024364829063416, 0.6183018684387207, 0.5796183943748474, 0.6442443132400513, 0.6488617062568665, 0.621227502822876, 0.6355886459350586, 0.6153956651687622, 0.5746356248855591, 0.5740394592285156, 0.5889711976051331, 0.5943928956985474, 0.5981908440589905, 0.5515263080596924, 0.504093587398529, 0.5644389390945435, 0.6138457655906677, 0.6023474335670471, 0.5368850231170654, 0.5531595349311829, 0.5112428665161133, 0.6008542776107788, 0.5824899673461914, 0.592945396900177, 0.5570039749145508, 0.5523802042007446, 0.5867552757263184, 0.5380698442459106, 0.5709426403045654, 0.5742322206497192, 0.5836875438690186, 0.6095996499061584, 0.5989447832107544, 0.5885012149810791, 0.5498412847518921, 0.5710999965667725, 0.5406899452209473, 0.5067887306213379, 0.5724096298217773], [0.5548257827758789, 0.6194298267364502, 0.4502279460430145, 0.8131996393203735, 0.7368724346160889, 0.5512317419052124, 0.9999996423721313, 0.5135674476623535, 0.5436714887619019, 0.7238980531692505, 0.5270175933837891, 0.6927784085273743, 0.5449615716934204, 0.5092629194259644, 0.5210539102554321, 0.5368611216545105, 0.47338566184043884, 0.66086745262146, 0.46671003103256226, 0.5084096193313599, 0.4998473823070526, 0.5631862878799438, 0.5043626427650452, 0.6947120428085327, 0.5345671772956848, 0.5410430431365967, 0.5079811811447144, 0.6843515634536743, 0.4918830394744873, 0.5685771703720093, 0.5254154205322266, 0.5783400535583496, 0.5869826078414917, 0.5212143659591675, 0.5458205938339233, 0.54575514793396, 0.5447636842727661, 0.5435087084770203, 0.6944541931152344, 0.5858875513076782, 0.5615376830101013, 0.5871384143829346, 0.5407764911651611, 0.5282221436500549, 0.5302267074584961, 0.5199655890464783, 0.6683775186538696, 0.5464447140693665, 0.4911017417907715, 0.5240063667297363, 0.5166321992874146, 0.5372952222824097, 0.5330884456634521, 0.6874698996543884, 0.5748894810676575, 0.5539734363555908, 0.5138413906097412, 0.5314573049545288, 0.5397741794586182, 0.5375347137451172, 0.5210256576538086, 0.6906548738479614, 0.5682587623596191, 0.5497381687164307, 0.5087338089942932, 0.5609267950057983, 0.5184646844863892, 0.5272163152694702, 0.5376536250114441, 0.5109411478042603, 0.6907579898834229, 0.5448925495147705, 0.5608799457550049, 0.6848965883255005, 0.5720592737197876, 0.5463875532150269, 0.5141996145248413, 0.5035800933837891, 0.5307838916778564, 0.5395715832710266, 0.4800724983215332, 0.5583942532539368, 0.5343408584594727, 0.5568217635154724, 0.5143261551856995, 0.6713098287582397, 0.5364933609962463, 0.4803888201713562, 0.5164259672164917, 0.5096690654754639, 0.513999342918396, 0.4266875982284546, 0.4157669246196747, 0.4939391613006592, 0.49402791261672974, 0.4570543169975281, 0.6513724327087402, 0.4863869249820709, 0.4811229705810547, 0.45717495679855347, 0.47415053844451904, 0.6442501544952393, 0.4902826249599457, 0.4478864073753357, 0.45831218361854553, 0.44679686427116394, 0.4512724280357361, 0.4555545151233673, 0.4126995801925659, 0.41922545433044434], [0.5110200643539429, 0.5286060571670532, 0.42219090461730957, 0.6850757002830505, 0.6725385189056396, 0.5993196964263916, 0.5135674476623535, 1.000000238418579, 0.7464178204536438, 0.7429310083389282, 0.5398428440093994, 0.5535613298416138, 0.5065575242042542, 0.6405456066131592, 0.6671806573867798, 0.6168577671051025, 0.5026074647903442, 0.5276507139205933, 0.48214226961135864, 0.49021095037460327, 0.4801904559135437, 0.5921289920806885, 0.3563206195831299, 0.5180039405822754, 0.7041652202606201, 0.6398618221282959, 0.5517535209655762, 0.5640968680381775, 0.5015316009521484, 0.5564531683921814, 0.5002827644348145, 0.6007742881774902, 0.6555654406547546, 0.6146910190582275, 0.7404158115386963, 0.7530558109283447, 0.6759322881698608, 0.6564648747444153, 0.6084516048431396, 0.6070201396942139, 0.6005692481994629, 0.6391143798828125, 0.5024018287658691, 0.6695183515548706, 0.6846963167190552, 0.559215784072876, 0.5504976511001587, 0.5462063550949097, 0.5372179746627808, 0.49474674463272095, 0.37866637110710144, 0.7273135185241699, 0.6680269241333008, 0.594894528388977, 0.5900112986564636, 0.5809725522994995, 0.5876127481460571, 0.7144074440002441, 0.7134792804718018, 0.6338610053062439, 0.6054596900939941, 0.5805619955062866, 0.5594373941421509, 0.5510368347167969, 0.5659060478210449, 0.5844683647155762, 0.5730177760124207, 0.6760032176971436, 0.684165358543396, 0.5528826713562012, 0.5503400564193726, 0.5221554040908813, 0.5932033658027649, 0.5745658874511719, 0.5743501782417297, 0.5402666330337524, 0.4500446319580078, 0.5405164361000061, 0.6585390567779541, 0.6601998209953308, 0.490327924489975, 0.5104368925094604, 0.48886606097221375, 0.557427167892456, 0.5198876857757568, 0.5393991470336914, 0.5085394382476807, 0.513783872127533, 0.6445690989494324, 0.6303825378417969, 0.5723699331283569, 0.44451451301574707, 0.4108085632324219, 0.6748530864715576, 0.5975684523582458, 0.5181392431259155, 0.5374940633773804, 0.4932604730129242, 0.5256757140159607, 0.5754281878471375, 0.49533727765083313, 0.5510200262069702, 0.525359570980072, 0.47913306951522827, 0.4813632071018219, 0.4705490171909332, 0.48899605870246887, 0.46659934520721436, 0.42036426067352295, 0.4732310175895691], [0.4538787007331848, 0.5377323627471924, 0.39570993185043335, 0.6983528137207031, 0.6431390047073364, 0.4928358793258667, 0.5436714887619019, 0.7464178204536438, 1.0000001192092896, 0.794309139251709, 0.5573759078979492, 0.5827192068099976, 0.4937838315963745, 0.5385172367095947, 0.5809246897697449, 0.563382089138031, 0.5139414072036743, 0.5358635783195496, 0.4737381339073181, 0.5100576877593994, 0.46028926968574524, 0.5469224452972412, 0.36876338720321655, 0.5470204949378967, 0.6138581037521362, 0.5832037329673767, 0.5495718717575073, 0.5782120227813721, 0.4855072498321533, 0.5690895318984985, 0.4803886413574219, 0.565146267414093, 0.5993942022323608, 0.5110607743263245, 0.6254047155380249, 0.6539193391799927, 0.603335440158844, 0.6203923225402832, 0.6161494255065918, 0.6014718413352966, 0.5337231159210205, 0.5804383754730225, 0.46099138259887695, 0.5726651549339294, 0.616875171661377, 0.5774939060211182, 0.5741562843322754, 0.5168274641036987, 0.5528852939605713, 0.5156976580619812, 0.37860792875289917, 0.6380037665367126, 0.603681206703186, 0.6013810038566589, 0.6015227437019348, 0.5387568473815918, 0.4774906039237976, 0.5900893211364746, 0.6128246784210205, 0.5664077997207642, 0.5623078346252441, 0.5851033329963684, 0.5420899391174316, 0.4846224784851074, 0.4614059627056122, 0.5216431617736816, 0.47114646434783936, 0.5586948990821838, 0.5965076684951782, 0.5421483516693115, 0.5664224624633789, 0.47992247343063354, 0.5373594760894775, 0.5734726190567017, 0.5591596364974976, 0.5114511251449585, 0.4201587438583374, 0.47213971614837646, 0.5716320276260376, 0.6021169424057007, 0.5160298347473145, 0.5555400848388672, 0.4840158224105835, 0.5353662371635437, 0.5525764226913452, 0.5852570533752441, 0.5046883821487427, 0.4494602084159851, 0.541843056678772, 0.5648662447929382, 0.5323823690414429, 0.47491195797920227, 0.36473026871681213, 0.5825164318084717, 0.5423332452774048, 0.5162891149520874, 0.5528542995452881, 0.45026588439941406, 0.49592798948287964, 0.5226321220397949, 0.4894114136695862, 0.5519810914993286, 0.5140730142593384, 0.42879027128219604, 0.4513588547706604, 0.4362110197544098, 0.4363565444946289, 0.4528732895851135, 0.4212879538536072, 0.4090270400047302], [0.499250203371048, 0.5795819759368896, 0.4403756856918335, 0.8717187643051147, 0.8127937316894531, 0.5559569001197815, 0.7238980531692505, 0.7429310083389282, 0.794309139251709, 0.9999996423721313, 0.6343643665313721, 0.7381011247634888, 0.5731831789016724, 0.615654706954956, 0.6357045769691467, 0.6261160373687744, 0.5680314302444458, 0.673763632774353, 0.5099819898605347, 0.5522928237915039, 0.511276364326477, 0.6144888401031494, 0.41233405470848083, 0.7143349647521973, 0.6709884405136108, 0.6621136665344238, 0.6208229064941406, 0.7401814460754395, 0.551495373249054, 0.6464598178863525, 0.5498760938644409, 0.6463408470153809, 0.7075104713439941, 0.6106277108192444, 0.7118771076202393, 0.7203375101089478, 0.6935783624649048, 0.7117267847061157, 0.7891331911087036, 0.690061092376709, 0.6344445943832397, 0.6765027046203613, 0.5587927103042603, 0.6689745187759399, 0.6882098913192749, 0.6689867973327637, 0.7497515082359314, 0.6176677942276001, 0.6242941617965698, 0.5876262784004211, 0.4368566870689392, 0.706773042678833, 0.6909304857254028, 0.7843773365020752, 0.6909013986587524, 0.6312522292137146, 0.5828214883804321, 0.6815122365951538, 0.6907100081443787, 0.6648788452148438, 0.6590733528137207, 0.7600530385971069, 0.639493465423584, 0.5912953615188599, 0.569080650806427, 0.6229963302612305, 0.5846090316772461, 0.6524301171302795, 0.6725466251373291, 0.6357445120811462, 0.7450370192527771, 0.5853801369667053, 0.6381148099899292, 0.7581073641777039, 0.6612875461578369, 0.5890263915061951, 0.4852670431137085, 0.5634413957595825, 0.6551467180252075, 0.6604694724082947, 0.5718328952789307, 0.6186614632606506, 0.55411696434021, 0.6108056902885437, 0.6226590871810913, 0.7368199825286865, 0.5824543237686157, 0.5349831581115723, 0.6247390508651733, 0.6213783621788025, 0.609319806098938, 0.5246692299842834, 0.4256572723388672, 0.6236539483070374, 0.6053611040115356, 0.5699073076248169, 0.7024586796760559, 0.5202199816703796, 0.551310658454895, 0.567017138004303, 0.5364214777946472, 0.7029107213020325, 0.5714253187179565, 0.48786109685897827, 0.48406073451042175, 0.48840075731277466, 0.4917495846748352, 0.4886469542980194, 0.45691320300102234, 0.4462701678276062], [0.624539852142334, 0.6480240821838379, 0.5814406871795654, 0.6264390349388123, 0.6126099824905396, 0.6085399389266968, 0.5270175933837891, 0.5398428440093994, 0.5573759078979492, 0.6343643665313721, 0.9999997615814209, 0.8403176665306091, 0.892806351184845, 0.8202484846115112, 0.8111964464187622, 0.8317012190818787, 0.9099822044372559, 0.8047704696655273, 0.7510879039764404, 0.7892118692398071, 0.8006933927536011, 0.7761411666870117, 0.7054870128631592, 0.8154500126838684, 0.8082566857337952, 0.840646505355835, 0.9517877101898193, 0.8295537233352661, 0.8167202472686768, 0.8572217226028442, 0.8551040887832642, 0.8008120656013489, 0.7041782140731812, 0.7299513816833496, 0.7307019233703613, 0.7186823487281799, 0.748963475227356, 0.8234161138534546, 0.7137737274169922, 0.7310528755187988, 0.7316693067550659, 0.7069497108459473, 0.8063840866088867, 0.7644615173339844, 0.7714360952377319, 0.9039132595062256, 0.7570395469665527, 0.791838526725769, 0.865584671497345, 0.7547905445098877, 0.6903904676437378, 0.7265714406967163, 0.7501448392868042, 0.7264991998672485, 0.7438278794288635, 0.7468917965888977, 0.7344555258750916, 0.7255767583847046, 0.7351957559585571, 0.7530580759048462, 0.8431233167648315, 0.7163710594177246, 0.7311031818389893, 0.7518936991691589, 0.7820580005645752, 0.7453657388687134, 0.798038125038147, 0.7638411521911621, 0.7818156480789185, 0.9109100699424744, 0.7609374523162842, 0.8082090020179749, 0.7689965963363647, 0.7447967529296875, 0.7733901739120483, 0.7278004288673401, 0.7229388952255249, 0.7559946775436401, 0.7341994047164917, 0.7469225525856018, 0.8591498136520386, 0.7661728858947754, 0.7717041969299316, 0.7134510278701782, 0.8859200477600098, 0.7058398723602295, 0.7640278339385986, 0.7932103872299194, 0.7531036138534546, 0.7447291612625122, 0.7640509605407715, 0.8403192758560181, 0.6613962054252625, 0.737623393535614, 0.7656040191650391, 0.840319812297821, 0.7312545776367188, 0.747138500213623, 0.6577725410461426, 0.7136669158935547, 0.6554047465324402, 0.7178444266319275, 0.6943942904472351, 0.6992989182472229, 0.7600874900817871, 0.6807247400283813, 0.7109618186950684, 0.699129581451416, 0.7286182641983032, 0.6646513342857361], [0.5439859628677368, 0.6168204545974731, 0.515720546245575, 0.8101913928985596, 0.759056806564331, 0.5801283717155457, 0.6927784085273743, 0.5535613298416138, 0.5827192068099976, 0.7381011247634888, 0.8403176665306091, 0.9999998807907104, 0.8691675662994385, 0.8162165880203247, 0.803740382194519, 0.8081591129302979, 0.7446086406707764, 0.9107364416122437, 0.7030251026153564, 0.7658299803733826, 0.7599731683731079, 0.801798403263092, 0.668768584728241, 0.9455389976501465, 0.8127281665802002, 0.8324015140533447, 0.7828608751296997, 0.9570770263671875, 0.7547802925109863, 0.8538793325424194, 0.8040060997009277, 0.8327540159225464, 0.7661399245262146, 0.7268937826156616, 0.7535815238952637, 0.7452958822250366, 0.7537727355957031, 0.7485697269439697, 0.8746381402015686, 0.7916965484619141, 0.7553716897964478, 0.7528203725814819, 0.7794838547706604, 0.797360897064209, 0.7951852083206177, 0.7877342104911804, 0.9213789701461792, 0.8102622032165527, 0.7131545543670654, 0.7546862959861755, 0.6424558162689209, 0.744289755821228, 0.7451241612434387, 0.8812903165817261, 0.7957179546356201, 0.7594675421714783, 0.7324352264404297, 0.7552425861358643, 0.7604292035102844, 0.7673146724700928, 0.7448837161064148, 0.8790716528892517, 0.7734775543212891, 0.7611613273620605, 0.7534951567649841, 0.7699304223060608, 0.7871068716049194, 0.7951982021331787, 0.8013079166412354, 0.7714943885803223, 0.9285449385643005, 0.8085874915122986, 0.8070383071899414, 0.8937035202980042, 0.7989166378974915, 0.771296501159668, 0.7209906578063965, 0.759949803352356, 0.7892258763313293, 0.7822530269622803, 0.7201337814331055, 0.8026807308197021, 0.7752648591995239, 0.7697150111198425, 0.7889885902404785, 0.9053381681442261, 0.8140524625778198, 0.7428135871887207, 0.7710391283035278, 0.7496379017829895, 0.7568678855895996, 0.6762225031852722, 0.6409324407577515, 0.7446027994155884, 0.753117561340332, 0.6890630722045898, 0.8813427686691284, 0.7296727895736694, 0.6801156997680664, 0.6779773235321045, 0.6655376553535461, 0.8498642444610596, 0.6963735818862915, 0.665273904800415, 0.6879594922065735, 0.611009955406189, 0.6454674005508423, 0.6603444218635559, 0.6423801183700562, 0.5993667840957642], [0.6171841621398926, 0.6433974504470825, 0.581284761428833, 0.6447533369064331, 0.6207139492034912, 0.6204642057418823, 0.5449615716934204, 0.5065575242042542, 0.4937838315963745, 0.5731831789016724, 0.892806351184845, 0.8691675662994385, 0.9999999403953552, 0.8233786821365356, 0.813687801361084, 0.8427576422691345, 0.825305700302124, 0.8469492197036743, 0.7831006646156311, 0.8152499198913574, 0.903992772102356, 0.8487482666969299, 0.7520859241485596, 0.83990877866745, 0.8042964935302734, 0.8442449569702148, 0.8518939018249512, 0.8519132137298584, 0.8340065479278564, 0.8682138919830322, 0.9466974139213562, 0.859988808631897, 0.7409780621528625, 0.7443519830703735, 0.7299777269363403, 0.7161425948143005, 0.7520616054534912, 0.7514476180076599, 0.7449669241905212, 0.7517859935760498, 0.8218085765838623, 0.7645573019981384, 0.8350005149841309, 0.7673770785331726, 0.7716519832611084, 0.8113174438476562, 0.7879592180252075, 0.8889137506484985, 0.774925947189331, 0.7809111475944519, 0.7372170686721802, 0.7230105996131897, 0.7517184615135193, 0.7542074918746948, 0.7627950310707092, 0.8417163491249084, 0.7445226907730103, 0.7226121425628662, 0.7284706234931946, 0.753880500793457, 0.7573434114456177, 0.7395192384719849, 0.7450879812240601, 0.8351952433586121, 0.787387490272522, 0.7987852096557617, 0.8046555519104004, 0.7631242275238037, 0.7779906988143921, 0.8053675889968872, 0.7824528217315674, 0.900871753692627, 0.8233557343482971, 0.7648137807846069, 0.7883529663085938, 0.8149252533912659, 0.7509351372718811, 0.7643294334411621, 0.732862651348114, 0.7452667951583862, 0.7589095234870911, 0.7734197378158569, 0.8629302978515625, 0.7740339040756226, 0.7921558618545532, 0.7313756942749023, 0.8601734638214111, 0.7822535037994385, 0.7389847040176392, 0.7305523157119751, 0.7553959488868713, 0.7325237989425659, 0.6672179698944092, 0.7272822856903076, 0.7576544284820557, 0.7236183881759644, 0.7475360035896301, 0.8247528672218323, 0.6707746982574463, 0.6927042603492737, 0.6488156318664551, 0.7341030836105347, 0.6913976669311523, 0.7673346996307373, 0.7815748453140259, 0.6983129382133484, 0.7278821468353271, 0.7200416326522827, 0.7279307842254639, 0.6803911924362183], [0.53182452917099, 0.5703049898147583, 0.5132346153259277, 0.6132885217666626, 0.6571031808853149, 0.6435043811798096, 0.5092629194259644, 0.6405456066131592, 0.5385172367095947, 0.615654706954956, 0.8202484846115112, 0.8162165880203247, 0.8233786821365356, 1.0000001192092896, 0.9147287011146545, 0.9206180572509766, 0.836491584777832, 0.8589428663253784, 0.7794549465179443, 0.814446747303009, 0.8277460336685181, 0.8876444697380066, 0.7169291377067566, 0.8274799585342407, 0.8834049701690674, 0.911003053188324, 0.8424733877182007, 0.8551106452941895, 0.8033279180526733, 0.8654062747955322, 0.8396673202514648, 0.8773640990257263, 0.7762168645858765, 0.7732860445976257, 0.8578499555587769, 0.7809256315231323, 0.8050973415374756, 0.7835893630981445, 0.73795086145401, 0.7683588266372681, 0.7712423205375671, 0.7722377777099609, 0.7383297681808472, 0.8616175651550293, 0.786376416683197, 0.7586694955825806, 0.7372280359268188, 0.7611395120620728, 0.7697911262512207, 0.7710745334625244, 0.6834765672683716, 0.7869822382926941, 0.806460440158844, 0.7571606636047363, 0.7722777724266052, 0.7737855911254883, 0.8000757694244385, 0.8773564696311951, 0.8117810487747192, 0.830549955368042, 0.8018953800201416, 0.755609393119812, 0.7728396058082581, 0.7911703586578369, 0.8251419067382812, 0.8135476112365723, 0.8091478943824768, 0.8749324679374695, 0.8101127743721008, 0.7719526886940002, 0.7439213991165161, 0.7779502272605896, 0.8053662180900574, 0.7812288999557495, 0.8007436990737915, 0.7497746348381042, 0.7014862895011902, 0.7852839231491089, 0.8760625123977661, 0.8075386881828308, 0.7218791246414185, 0.7407888770103455, 0.7451575994491577, 0.7698542475700378, 0.7279949188232422, 0.6836535930633545, 0.7260144948959351, 0.7941094636917114, 0.8834637403488159, 0.7935718297958374, 0.807060956954956, 0.6927018761634827, 0.6819560527801514, 0.7681518793106079, 0.780039370059967, 0.6986780166625977, 0.7141898274421692, 0.7221688032150269, 0.7095339894294739, 0.7519508004188538, 0.666583776473999, 0.7435922622680664, 0.718430757522583, 0.7155946493148804, 0.7074005603790283, 0.6063309907913208, 0.6655875444412231, 0.6352719664573669, 0.6347427368164062, 0.6371885538101196], [0.5422087907791138, 0.5881775617599487, 0.5259150266647339, 0.6110008358955383, 0.6674160957336426, 0.6013004779815674, 0.5210539102554321, 0.6671806573867798, 0.5809246897697449, 0.6357045769691467, 0.8111964464187622, 0.803740382194519, 0.813687801361084, 0.9147287011146545, 1.0, 0.8974233865737915, 0.8475000858306885, 0.8500854969024658, 0.7802923917770386, 0.8171710968017578, 0.8318063616752625, 0.8884036540985107, 0.723274827003479, 0.8269321918487549, 0.9667677879333496, 0.8837226629257202, 0.8395265936851501, 0.8433462381362915, 0.7973290681838989, 0.8514706492424011, 0.8301421403884888, 0.8792251944541931, 0.7596427202224731, 0.739652156829834, 0.78510981798172, 0.848807692527771, 0.778113842010498, 0.76433265209198, 0.7386472225189209, 0.7504197359085083, 0.749509871006012, 0.7586768865585327, 0.7150570154190063, 0.7829484343528748, 0.8521977663040161, 0.7557581067085266, 0.7340251207351685, 0.7535735368728638, 0.7941660284996033, 0.7823795676231384, 0.700078010559082, 0.8682901859283447, 0.7939770817756653, 0.7611292600631714, 0.7717585563659668, 0.7723274230957031, 0.759635329246521, 0.796113133430481, 0.8671842217445374, 0.7908021211624146, 0.7782312631607056, 0.7450978755950928, 0.7425637245178223, 0.7628895044326782, 0.7800923585891724, 0.8080418705940247, 0.7636991143226624, 0.7893551588058472, 0.8661806583404541, 0.759052574634552, 0.7305248975753784, 0.7604966163635254, 0.7955905199050903, 0.77268385887146, 0.7871514558792114, 0.7208306193351746, 0.6677254438400269, 0.7383340001106262, 0.783290684223175, 0.8692196607589722, 0.7103976011276245, 0.7212837338447571, 0.7308335304260254, 0.7639221549034119, 0.7098227739334106, 0.6713178157806396, 0.7092980742454529, 0.7684708833694458, 0.802100658416748, 0.8730237483978271, 0.7842543125152588, 0.7048745155334473, 0.6596077680587769, 0.8275573253631592, 0.7461695671081543, 0.6849558353424072, 0.7029023766517639, 0.7033835649490356, 0.704574465751648, 0.7380102276802063, 0.66836017370224, 0.7371195554733276, 0.7080256342887878, 0.6989890336990356, 0.7172563076019287, 0.625420331954956, 0.6757117509841919, 0.6429165005683899, 0.6557908058166504, 0.6462669968605042], [0.6103479266166687, 0.6090900301933289, 0.5765129923820496, 0.6406258344650269, 0.6875001192092896, 0.6391404867172241, 0.5368611216545105, 0.6168577671051025, 0.563382089138031, 0.6261160373687744, 0.8317012190818787, 0.8081591129302979, 0.8427576422691345, 0.9206180572509766, 0.8974233865737915, 1.000000238418579, 0.8648895025253296, 0.8811317682266235, 0.8307962417602539, 0.8517248630523682, 0.8738024234771729, 0.9220983982086182, 0.760611891746521, 0.8135671615600586, 0.8609920144081116, 0.9601266384124756, 0.8500087857246399, 0.8411126732826233, 0.8230892419815063, 0.8567407131195068, 0.8556531667709351, 0.8818011283874512, 0.7697153091430664, 0.7414220571517944, 0.794819176197052, 0.7678768634796143, 0.8456975221633911, 0.7803466320037842, 0.735000491142273, 0.7579364776611328, 0.7768982648849487, 0.7819077968597412, 0.7424740195274353, 0.788013219833374, 0.773606538772583, 0.762728750705719, 0.7263547778129578, 0.7685125470161438, 0.8000710010528564, 0.7901461124420166, 0.7280012965202332, 0.7782508730888367, 0.8644619584083557, 0.7520387172698975, 0.7636419534683228, 0.7895282506942749, 0.7525579929351807, 0.7998693585395813, 0.7823453545570374, 0.8538128733634949, 0.7872649431228638, 0.7382437586784363, 0.7546440958976746, 0.7856862545013428, 0.7747529745101929, 0.8094631433486938, 0.7653005123138428, 0.7980929613113403, 0.7906066179275513, 0.7742026448249817, 0.7297955751419067, 0.781872034072876, 0.8032115697860718, 0.7631456851959229, 0.7870074510574341, 0.7571448087692261, 0.7025415897369385, 0.739651620388031, 0.7853289842605591, 0.7754882574081421, 0.7300781011581421, 0.7386617660522461, 0.7560546398162842, 0.7745364904403687, 0.7350420951843262, 0.6785533428192139, 0.7398149967193604, 0.7680252194404602, 0.8060700297355652, 0.7800617218017578, 0.8610368967056274, 0.719862163066864, 0.6333773136138916, 0.7484962940216064, 0.8203698396682739, 0.6978117227554321, 0.7023543119430542, 0.7238423824310303, 0.6962199211120605, 0.7954323291778564, 0.649834930896759, 0.7303698062896729, 0.6969242095947266, 0.7084605693817139, 0.7552048563957214, 0.6556415557861328, 0.7047808170318604, 0.6835999488830566, 0.684903621673584, 0.6700530052185059], [0.6110796332359314, 0.6104601621627808, 0.5752690434455872, 0.5314037799835205, 0.5749492645263672, 0.5879675149917603, 0.47338566184043884, 0.5026074647903442, 0.5139414072036743, 0.5680314302444458, 0.9099822044372559, 0.7446086406707764, 0.825305700302124, 0.836491584777832, 0.8475000858306885, 0.8648895025253296, 1.000000238418579, 0.850124716758728, 0.8745356798171997, 0.8958431482315063, 0.8955072164535522, 0.8142315745353699, 0.7951351404190063, 0.7843526601791382, 0.7910978198051453, 0.8092981576919556, 0.9371801614761353, 0.7880457043647766, 0.8544032573699951, 0.8488674163818359, 0.8628381490707397, 0.7776411771774292, 0.6487813591957092, 0.6976227760314941, 0.6765172481536865, 0.6804783344268799, 0.7067638635635376, 0.7523769736289978, 0.6512050628662109, 0.6804980635643005, 0.685015082359314, 0.658440113067627, 0.724185049533844, 0.6632444858551025, 0.6907472610473633, 0.7946816682815552, 0.6494570970535278, 0.6983646154403687, 0.8965868353843689, 0.8095811605453491, 0.754141092300415, 0.6919257640838623, 0.7125137448310852, 0.6684648990631104, 0.7083239555358887, 0.7069084644317627, 0.7162199020385742, 0.6800782680511475, 0.7023024559020996, 0.714462161064148, 0.7893720865249634, 0.6603971123695374, 0.6998500823974609, 0.7278386354446411, 0.7622257471084595, 0.705847442150116, 0.7317037582397461, 0.6712116003036499, 0.7039636373519897, 0.8135334253311157, 0.6539406776428223, 0.7291465401649475, 0.6844288110733032, 0.6889153718948364, 0.7483843564987183, 0.6801685094833374, 0.6813405752182007, 0.7171443700790405, 0.6634228825569153, 0.6951466202735901, 0.8098028898239136, 0.7181481122970581, 0.7223776578903198, 0.6612598299980164, 0.7630665302276611, 0.5873850584030151, 0.659056544303894, 0.7740832567214966, 0.6872020959854126, 0.7036420106887817, 0.7079983949661255, 0.8122508525848389, 0.6373711824417114, 0.6642923355102539, 0.6824337244033813, 0.743806004524231, 0.6277342438697815, 0.6723791360855103, 0.6181179285049438, 0.6843374371528625, 0.6333310604095459, 0.6605773568153381, 0.6670809984207153, 0.6806285977363586, 0.8116880655288696, 0.7106010317802429, 0.7471562623977661, 0.711476743221283, 0.753817081451416, 0.6923499703407288], [0.5710678696632385, 0.6073495149612427, 0.5399332046508789, 0.7285572290420532, 0.7443650364875793, 0.6022693514823914, 0.66086745262146, 0.5276507139205933, 0.5358635783195496, 0.673763632774353, 0.8047704696655273, 0.9107364416122437, 0.8469492197036743, 0.8589428663253784, 0.8500854969024658, 0.8811317682266235, 0.850124716758728, 1.0000004768371582, 0.8530064821243286, 0.8986852169036865, 0.8903270363807678, 0.881534993648529, 0.7703352570533752, 0.9338804483413696, 0.8094980716705322, 0.8349025845527649, 0.813614547252655, 0.9371863603591919, 0.8295838832855225, 0.8795601725578308, 0.8576414585113525, 0.8447664976119995, 0.7331386804580688, 0.7185507416725159, 0.7168371677398682, 0.7095140218734741, 0.7319225072860718, 0.7142918109893799, 0.8201696872711182, 0.762423038482666, 0.7451704740524292, 0.734876275062561, 0.7362849712371826, 0.715304434299469, 0.7182830572128296, 0.7199075222015381, 0.8154085874557495, 0.7522361874580383, 0.7701795101165771, 0.8358680009841919, 0.7272931933403015, 0.7147310972213745, 0.7348606586456299, 0.833553671836853, 0.7793012857437134, 0.7560257911682129, 0.732271671295166, 0.7220054864883423, 0.7268259525299072, 0.7432447075843811, 0.7258446216583252, 0.8290131092071533, 0.7571845054626465, 0.7658204436302185, 0.7609120607376099, 0.7633566856384277, 0.7462259531021118, 0.7219641208648682, 0.7307878136634827, 0.7206686735153198, 0.8236123919487, 0.7642459869384766, 0.75287926197052, 0.850595235824585, 0.7976280450820923, 0.7492612600326538, 0.7020173072814941, 0.7417815327644348, 0.7307112216949463, 0.7317840456962585, 0.702363908290863, 0.7680774331092834, 0.7558711767196655, 0.7408965826034546, 0.7060470581054688, 0.7819756269454956, 0.7351300716400146, 0.7517523765563965, 0.7302095890045166, 0.7173731327056885, 0.7334110736846924, 0.6758130192756653, 0.6358617544174194, 0.6823177337646484, 0.6964060068130493, 0.6407600045204163, 0.7861770391464233, 0.6971100568771362, 0.6604795455932617, 0.6681398749351501, 0.6567784547805786, 0.809167742729187, 0.6924400329589844, 0.6795620322227478, 0.7678148746490479, 0.6633187532424927, 0.7026565074920654, 0.689592719078064, 0.6840063333511353, 0.6515494585037231], [0.5926517248153687, 0.5642551183700562, 0.5690302848815918, 0.5329005122184753, 0.590469241142273, 0.569162130355835, 0.46671003103256226, 0.48214226961135864, 0.4737381339073181, 0.5099819898605347, 0.7510879039764404, 0.7030251026153564, 0.7831006646156311, 0.7794549465179443, 0.7802923917770386, 0.8307962417602539, 0.8745356798171997, 0.8530064821243286, 0.9999998807907104, 0.9167770147323608, 0.909690797328949, 0.8441144824028015, 0.7862431406974792, 0.7293426990509033, 0.7278850674629211, 0.7554134130477905, 0.7884174585342407, 0.7501912713050842, 0.914262413978576